Coordinates,Inferred Genetic Sex_F,Inferred Genetic Sex_M,indexNumber
T1 30,10,0,1030
T1 45,9,0,1045
T1 75,10,0,1075
T1 105,10,0,1105
T1 135,10,0,1135
T1 150,7,0,1150
T1 165,7,0,1165
T1 180,9,0,1180
T1 195,10,0,1195
T1 210,4,0,1210
T1 240,10,0,1240
T2 30,3,2,2030
T2 45,10,0,2045
T2 60,4,0,2060
T2 75,11,0,2075
T2 90,10,0,2090
T2 105,4,1,2105
T2 120,8,0,2120
T2 135,9,0,2135
T2 210,7,0,2210
T2 225,1,1,2225
T2 255,3,4,2255
T2 270,1,0,2270
T2 285,2,0,2285
T2 315,2,0,2315
T2 330,5,0,2330
T2 345,2,0,2345
T2 360,2,0,2360
T2 390,3,1,2390
T3 105,10,0,3105
T3 135,10,0,3135
T3 210,10,0,3210
T3 285,10,0,3285
T3 315,10,0,3315
T3 390,10,0,3390
T3 465,10,0,3465
T3 540,2,0,3540
T3 600,0,3,3600
T4 90,1,0,4090
T4 585,0,2,4585
T4 600,1,0,4600
